Perihelion angle (arcseconds) Time
-3.29527 0.481463
-0.77065 0.722195
1.75397 0.962927
4.27858 1.20366
-2.31195 2.16658
0.212666 2.40732
2.73728 2.64805
5.2619 2.88878
-1.32864 3.85171
1.19598 4.09244
3.72059 4.33317
-0.345332 5.53683
2.17928 5.77756
4.7039 6.01829
0.637966 7.22195
3.16258 7.46268
5.68719 7.70342
1.62126 8.90707
4.14588 9.1478
6.67049 9.38854
2.60456 10.5922
5.12917 10.8329
7.65379 11.0737
1.06324 12.0366
3.58785 12.2773
6.11247 12.518
8.63708 12.7588
2.04655 13.7217
4.57116 13.9624
7.09578 14.2032
9.6204 14.4439
3.02987 15.4068
5.55448 15.6476
8.0791 15.8883
10.6037 16.129
4.01319 17.092
6.53781 17.3327
9.06242 17.5734
11.587 17.8141
4.99651 18.7771
7.52112 19.0178
10.0457 19.2585
5.97982 20.4622
8.50444 20.7029
11.0291 20.9437
6.96313 22.1473
9.48775 22.388
12.0124 22.6288
7.94645 23.8324
10.4711 24.0732
12.9957 24.3139
8.92975 25.5176
11.4544 25.7583
13.979 25.999
9.91306 27.2027
12.4377 27.4434
14.9623 27.6841
8.37175 28.6471
10.8964 28.8878
13.421 29.1285
15.9456 29.3693
9.35507 30.3322
11.8797 30.5729
14.4043 30.8137
16.9289 31.0544
10.3384 32.0173
12.863 32.258
15.3876 32.4988
17.9122 32.7395
11.3217 33.7024
13.8463 33.9432
16.3709 34.1839
18.8956 34.4246
12.305 35.3876
14.8296 35.6283
17.3542 35.869
13.2883 37.0727
15.8129 37.3134
18.3376 37.5541
14.2716 38.7578
16.7963 38.9985
19.3209 39.2393
15.255 40.4429
17.7796 40.6837
20.3042 40.9244
16.2383 42.128
18.7629 42.3688
21.2875 42.6095
14.697 43.5724
17.2216 43.8132
19.7462 44.0539
22.2708 44.2946
15.6803 45.2576
18.2049 45.4983
20.7295 45.739
23.2542 45.9798
16.6636 46.9427
19.1882 47.1834
21.7129 47.4241
24.2375 47.6649
17.647 48.6278
20.1716 48.8685
22.6962 49.1093
25.2208 49.35
18.6303 50.3129
21.1549 50.5537
23.6795 50.7944
19.6136 51.998
22.1382 52.2388
24.6628 52.4795
20.5969 53.6832
23.1215 53.9239
25.6461 54.1646
21.5802 55.3683
24.1048 55.609
26.6295 55.8498
22.5635 57.0534
25.0882 57.2941
27.6128 57.5349
21.0222 58.4978
23.5469 58.7385
26.0715 58.9793
28.5961 59.22
22.0056 60.1829
24.5302 60.4237
27.0548 60.6644
29.5794 60.9051
22.9889 61.868
25.5135 62.1088
28.0381 62.3495
30.5627 62.5902
23.9722 63.5532
26.4968 63.7939
29.0215 64.0346
31.5461 64.2754
24.9555 65.2383
27.4802 65.479
30.0048 65.7198
25.9389 66.9234
28.4635 67.1641
30.9881 67.4049
26.9222 68.6085
29.4468 68.8493
31.9714 69.09
27.9055 70.2937
30.4301 70.5344
32.9547 70.7751
28.8888 71.9788
31.4134 72.2195
33.938 72.4602
29.8721 73.6639
32.3967 73.9046
34.9213 74.1454
28.3308 75.1083
30.8554 75.349
33.38 75.5898
35.9047 75.8305
29.3141 76.7934
31.8388 77.0341
34.3634 77.2749
36.888 77.5156
30.2975 78.4785
32.8221 78.7193
35.3467 78.96
37.8713 79.2007
31.2808 80.1637
33.8054 80.4044
36.33 80.6451
38.8546 80.8859
32.2641 81.8488
34.7887 82.0895
37.3134 82.3302
33.2475 83.5339
35.7721 83.7746
38.2967 84.0154
34.2308 85.219
36.7554 85.4598
39.28 85.7005
35.2141 86.9041
37.7387 87.1449
40.2633 87.3856
36.1974 88.5893
38.722 88.83
41.2466 89.0707
34.6561 90.0337
37.1807 90.2744
39.7053 90.5151
42.23 90.7559
35.6394 91.7188
38.164 91.9595
40.6886 92.2002
43.2133 92.441
36.6227 93.4039
39.1473 93.6446
41.6719 93.8854
44.1966 94.1261
37.606 95.089
40.1306 95.3298
42.6552 95.5705
45.1799 95.8112
38.5893 96.7741
41.1139 97.0149
43.6385 97.2556
39.5726 98.4593
42.0972 98.7
44.6218 98.9407
